6410
9493
9005
3453
8444
8207
8628
3693
2706
6012
6933
7945
6970
1879
1791
5555
3885
3749
7590
8732
1104
6081
8360
2278
7539
8378
4167
5874
3931
8183
9756
2168
4595
4564
8495
9099
6275
7469
2174
9442
6577
9279
9824
2451
7317
9194
5454
4231
1413
5086
6603
1170
9713
9008
7869
1329
2133
7726
5913
1065
5039
3754
9761
4522
6254
5765
4349
3406
3383
2691
9278
6415
2575
8147
3154
1823
6256
6908
4960
8344
3924
9934
5460
8844
2579
9586
2453
5586
6693
8166
7965
8548
2556
2108
5402
3823
9517
6302
6195
2551
5844
3048
1848
8721
5807
1188
8594
2566
6853
7046
5072
5223
3766
7567
7140
5104
8292
1916
2942
6667
4312
8762
6711
5215
4724
1730
4858
1466
3744
9330
2305
9953
1712
3408
3499
1876
9086
6737
4037
2391
1991
9885
8731
9646
4093
3741
5782
4987
4967
1297
5529
8600
4359
9527
8238
7081
6335
6631
4996
5076
6328
8128
8820
7522
5740
5118
4510
1357
5068
6263
6017
2555
7878
1551
5676
4425
1030
7063
2121
1982
5947
9870
6498
3447
4800
3703
6593
2184
5168
6417
5539
3454
2740
8959
6061
3862
2064
2209
4905
8974
9230
5424
9918
8702
5279
3974
1722
3808
4851
4813
7050
9270
5509
4014
9128
6457
2629
6373
3721
3036
8523
3325
6188
8649
1723
3562
9813
8917
5488
2813
3360
8820
3157
3146
2751
1522
9951
7794
8166
1826
2981
3785
7332
1355
9365
6267
7943
8725
9829
9603
2232
5689
8487
2868
1451
6904
9235
2268
7979
2716
4159
2803
8318
3037
2452
8228
7113
3363
2263
8606
6505
4834
8206
2894
1055
5737
5991
5833
9283
5454
5617
2088
9087
5883
1580
7669
1333
1288
2694
5845
2286
8682
9813
6449
7665
1178
5465
5295
8901
2137
9153
5580
7462
2223
4098
7396
7482
6592
2813
5712
1912
4402
2984
3524
7097
3071
3714
3435
2456
4781
7895
6824
1669
6416
7319
7821
5019
2756
5228
9876
1272
1696
6930
8145
6299
1037
4624
7864
2785
4183
1187
4740
8474
6980
4932
7883
6698
7289
9350
5593
7462
3030
3838
5119
4240
3329
4911
2045
4902
6275
3376
5725
2364
2935
5440
1216
7470
4837
7223
7060
8445
5849
1649
8272
4594
4155
8348
4687
2483
9435
2123
7729
3404
9633
3414
8241
7856
2811
4905
3969
6125
3579
3961
6508
1806
5460
3375
6538
2540
4716
1413
2861
1065
3290
7147
2612
2380
5565
1524
1085
4980
1224
9560
5466
5152
5646
3321
2730
9520
7197
3358
5659
9931
4253
1934
5866
2888
5139
7466
9133
1779
2809
3146
7766
9021
9260
7663
1113
3485
1801
6860
3291
2286
4819
8988
5901
4017
8494
2356
6158
3138
1645
7017
5341
2357
5752
2929
6811
2356
2280
9723
7239
8097
2390
9304
3170
8076
2794
6443
5890
7982
3207
9243
8718
1337
1066
4373
6111
5264
6032
2849
4393
3783
2308
6994
1133
5791
7803
6408
4269
7331
1852
8756
2205
2077
9619
5193
9894
5513
6817
7823
2222
3050
6464
8175
9930
2401
8297
5004
2290
2379
6816
2546
6323
9430
6330
4455
6789
5394
9171
7378
1273
6384
3174
8558
7129
4450
8038
7641
1716
5872
4477
1597
8445
8207
1626
2342
7318
4131
7063
8731
7492
3798
5118
2889
1515
9304
3433
2773
5746
6163
8402
5500
6341
9438
7550
5837
9875
7904
2045
6480
4362
1656
4288
6416
7901
6219
4100
8114
8804
4987
7136
3657
8330
1439
9884
7473
2266
1285
8043
7824
2016
6264
2894
5551
7468
8975
5254
9006
1657
5787
2466
9412
3085
1582
5368
6836
9509
8700
4986
5294
6204
5317
3967
1758
9026
5744
7168
5901
9552
1076
4571
9590
9860
4220
5463
8096
8760
8735
8947
8924
1964
5092
7457
4016
3521
7722
1572
7748
6070
4047
7962
3564
6297
3748
2619
6698
3296
2136
6523
2724
2807
9352
9452
1580
2216
2875
9550
8864
6118
7271
8075
1774
9752
6060
4330
2111
7859
9950
8236
2304
5172
9419
9830
6504
3112
2006
4292
7112
2601
8764
5799
7623
3211
7222
7117
2611
5639
6876
2799
1645
8170
2707
2630
8798
5971
7188
3811
1236
9417
1508
8837
3345
3899
5219
7550
3387
9520
3947
8466
1210
8581
3438
7262
7352
2471
1451
8561
3529
8942
2719
6471
1982
8150
7590
4132
3465
7789
2032
1533
5923
8193
4056
7694
2093
9925
3454
4724
7991
9671
4729
3089
2691
8409
2589
3063
5732
5443
5276
7326
5520
8625
1282
2292
7697
5035
7855
5194
6307
2086
5084
5596
8488
3414
3543
3015
5525
5742
6169
7425
9016
6725
1570
3856
5213
9628
4779
3572
6560
5527
8399
8021
3512
4704
6011
7297
7911
2763
9995
7056
3070
8258
8415
6904
5587
9131
4599
9275
5866
9572
7536
9988
9272
7849
8309
8793
8054
7424
7078
8068
1255
5283
8632
1780
3685
7061
3084
4784
7401
6244
5103
3761
5746
9112
5355
1757
8308
4665
8268
6080
6028
5503
7705
6986
7989
8410
8748
5661
6393
7217
9241
1487
5684
2927
6800
7785
9624
7635
4219
8524
7047
9814
2873
9620
5469
4775
5241
1159
3494
7552
1485
4389
9154
1998
3039
5751
7577
2646
3790
5273
8312
7421
8390
1184
7002
4616
8076
3819
3312
7569
2131
1673
1446
9743
9031
6213
3629
8084
2516
4214
4169
8588
3167
8840
6731
5852
2331
4685
9886
2048
1208
7978
4844
8944
1211
9625
2424
2688
3617
1853
6697
2422
7846
5923
6420
9810
3943
9410
2965
6824
3121
9491
1129
9575
2104
9723
5253
9548
4451
2150
3284
4390
3931
2263
7360
4152
6827
2500
9531
9405
4789
1940
5466
1663
7515
2747
1742
7242
3419
6920
2908
2919
2720
4061
8925
1715
7849
5268
7839
1487
5371
2874
8235
2467
8567
3307
8489
6582
8562
3267
3982
2442
9877
3559
3035
2181
5025
9465
3060
9356
8980
8009
7129
7530
9240
1365
2670
9868
3336
6645
6302
2558
4659
9044
5033
2915
3704
3999
3094
5207
4256
5158
8679
1151
3937
1465
3040
9159
2026
7744
6689
8382
3208
8482
2505
7360
5744
1705
3225
8202
1637
8619
4245
2917
6964
2423
7781
1832
8524
1120
8476
2025
7371
7851
6099
4822
9328
6977
4593
8774
8323
3509
8842
5591
9954
7918
9349
6176
7539
7671
7169
2998
1773
4890
4570
5636
1913
6762
4186
2513
3682
2208
1635
1905
9267
5663
2011
5356
3383
7681
8031
8765
7110
4449
9878
8126
9775
8653
2961
9044
3073
2605
4292
1852
3949
6477
1252
3480
4280
1463
3909
3566
3790
3079
6091
7115
2874
7936
6322
5291
6906
4992
3792
9856
9639
8403
5886
7323
5011
6443
5859
3258
4800
5140
9438
2076
7914
9781
7955
3790
5411
8530
2076
2919
4772
5464
5975
5031
8356
3762
6251
2839
3330
7668
3138
8079
8811
4434
2212
5545
1590
3927
8467
7835
5603
1650
8764
8649
3640
5014
9199
3092
9980
3532
9879
8375
3916
1873
6083
5175
3427
1855
8965
2248
1191
4020
9926
7131
3002
2359
3263
4480
8569
3409
3199
2483
1062
4239
7315
4122
6698
7325
2391
4341
4562
4159
2857
9797
7788
4762
5162
7938
8350
7035
3117
9733
4960
7218
7644
2583
1722
2633
6646
2280
2751
5719
4522
7570
1332
8395
8312
9676
4557
2961
8475
6101
9463
5624
7685
7031
2162
1129
9341
8238
7195
5324
6129
2533
1292
3465
7521
3842
6594
5732
3400
5064
1678
1110
2590
8841
9635
5285
9465
9391
6449
5484
4381
6388
8558
7014
1270
9335
9532
1612
1420
1593
3291
8406
5084
7425
9589
2988
7278
7866
1873
5469
4082
8823
9559
4410
5423
9353
4033
8842
7394
6876
1663
9949
2789
2710
1942
9739
3973
4276
3194
8185
4309
5981
5311
2807
2773
3270
6024
5163
9251
7646
8005
2599
8517
1979
2402
5556
6828
5148
2591
1915
6301
1689
4216
4543
9928
3341
6617
3373
6482
9849
9014
4002
5671
3687
2159
8099
4512
7752
2636
3152
4329
8868
9590
9747
8869
9063
2431
1810
1308
6385
3911
8824
2684
2279
2884
3620
2765
1768
2877
9431
6652
3650
8680
9400
8631
5003
6926
5830
9818
4301
2044
9074
3511
9438
7585
7431
2097
4468
5673
1865
1909
5806
3065
1097
6938
1190
2317
4392
1803
8538
6334
3744
5875
3204
6499
1678
1188
1189
2115
4865
3136
6600
1990
7006
5341
4835
6312
3245
4692
5451
2522
8296
6094
2011
8522
1845
1585
8582
3462
8441
3685
3534
5026
2280
7965
8299
4198
1307
3939
6907
7243
1908
3352
1807
8728
5308
4816
6058
5755
3102
4876
9071
9698
6351
7016
8037
7648
4864
4681
5653
1093
2604
7725
3673
2179
9600
2573
9708
9039
7041
1637
6005
9305
7784
8207
1613
5943
5286
3281
4213
7027
5525
3827
1360
4564
4613
3835
8674
5262
9927
1650
9332
6625
8284
6813
5638
4181
9677
9626
9127
3735
5106
7017
8712
2465
8869
9764
2913
8142
6402
3093
3361
2583
1467
8624
5566
8775
7365
9108
7565
6765
3897
5446
9111
6390
2303
9379
2020
1971
3568
7431
6265
5659
4153
1478
2920
8507
5113
8894
5694
4847
1921
1531
8859
7834
8287
7749
6157
9658
2247
6861
6814
1569
3061
3361
9836
9659
7905
3322
1161
9488
8744
1942
5573
8970
6827
7701
8428
9988
6704
6219
4100
8114
8804
4987
7136
3657
8330
1439
9884
7473
2266
1285
8043
7824
2016
6264
2894
5551
7468
8975
5254
9006
1657
5787
2466
9412
3085
1582
5368
6836
9509
8700
4986
5294
6204
5317
3967
1758
9026
5744
7168
5901
9552
1076
4571
9590
9860
4220
5463
8096
8760
8735
8947
8924
1964
5092
7457
4016
3521
7722
1572
7748
6070
4047
7962
3564
6297
3748
2619
6698
3296
2136
6523
2724
2807
9352
9452
1580
2216
2875
9550
8864
6118
7271
8075
1774
9752
6060
4330
2111
7859
9950
8236
2304
5172
9419
9830
6504
3112
2006
4292
7112
2601
8764
5799
7623
3211
7222
7117
2611
5639
6876
2799
1645
8170
2707
2630
8798
5971
7188
3811
1236
9417
1508
8837
3345
3899
5219
7550
3387
9520
3947
8466
1210
8581
3438
7262
7352
2471
1451
8561
3529
8942
2719
6471
1982
8150
7590
4132
3465
7789
2032
1533
5923
8193
4056
7694
2093
9925
3454
4724
7991
9671
4729
3089
2691
8409
2589
3063
5732
5443
5276
7326
5520
8625
1282
2292
7697
5035
7855
5194
6307
2086
5084
5596
8488
3414
3543
3015
5525
5742
6169
7425
9016
6725
1570
3856
5213
9628
4779
3572
6560
5527
8399
8021
3512
4704
6011
7297
7911
2763
9995
7056
3070
8258
8415
6904
5587
9131
4599
9275
5866
9572
7536
9988
9272
7849
8309
8793
8054
7424
7078
8068
1255
5283
8632
1780
3685
7061
3084
4784
7401
6244
5103
3761
5746
9112
5355
1757
8308
4665
8268
6080
6028
5503
7705
6986
7989
8410
8748
5661
6393
7217
9241
1487
5684
2927
6800
7785
9624
7635
4219
8524
7047
9814
2873
9620
5469
4775
5241
1159
3494
7552
1485
4389
9154
1998
3039
5751
7577
2646
3790
5273
8312
7421
8390
1184
7002
4616
8076
3819
3312
7569
2131
1673
1446
9743
9031
6213
3629
8084
2516
4214
4169
8588
3167
8840
6731
5852
2331
4685
9886
2048
1208
7978
4844
8944
1211
9625
2424
2688
3617
1853
6697
2422
7846
5923
6420
9810
3943
9410
2965
6824
3121
9491
1129
9575
2104
9723
5253
9548
4451
2150
3284
4390
3931
2263
7360
4152
6827
2500
9531
9405
4789
1940
5466
1663
7515
2747
1742
7242
3419
6920
2908
2919
2720
4061
8925
1715
7849
5268
7839
1487
5371
2874
8235
2467
8567
3307
8489
6582
8562
3267
3982
2442
9877
3559
3035
2181
5025
9465
3060
9356
8980
8009
7129
7530
9240
1365
2670
9868
3336
6645
6302
2558
4659
9044
5033
2915
3704
3999
3094
5207
4256
5158
8679
1151
3937
1465
3040
9159
2026
7744
6689
8382
3208
8482
2505
7360
5744
1705
3225
8202
1637
8619
4245
2917
6964
2423
7781
1832
8524
1120
8476
2025
7371
7851
6099
4822
9328
6977
4593
8774
8323
3509
8842
5591
9954
7918
9349
6176
7539
7671
7169
2998
1773
4890
4570
5636
1913
6762
4186
2513
3682
2208
1635
1905
9267
5663
2011
5356
3383
7681
8031
8765
7110
4449
9878
8126
9775
8653
2961
9044
3073
2605
4292
1852
3949
6477
1252
3480
4280
1463
3909
3566
3790
3079
6091
7115
2874
7936
6322
5291
6906
4992
3792
9856
9639
8403
5886
7323
5011
6443
5859
3258
4800
5140
9438
2076
7914
9781
7955
3790
5411
8530
2076
2919
4772
5464
5975
5031
8356
3762
6251
2839
3330
7668
3138
8079
8811
4434
2212
5545
1590
3927
8467
7835
5603
1650
8764
8649
3640
5014
9199
3092
9980
3532
9879
8375
3916
1873
6083
5175
3427
1855
8965
2248
1191
4020
9926
7131
3002
2359
3263
4480
8569
3409
3199
2483
1062
4239
7315
4122
6698
7325
2391
4341
4562
4159
2857
9797
7788
4762
5162
7938
8350
7035
3117
9733
4960
7218
7644
2583
1722
2633
6646
2280
2751
5719
4522
7570
1332
8395
8312
9676
4557
2961
8475
6101
9463
5624
7685
7031
2162
1129
9341
8238
7195
5324
6129
2533
1292
3465
7521
3842
6594
5732
3400
5064
1678
1110
2590
8841
9635
5285
9465
9391
6449
5484
4381
6388
8558
7014
1270
9335
9532
1612
1420
1593
3291
8406
5084
7425
9589
2988
7278
7866
1873
5469
4082
8823
9559
4410
5423
9353
4033
8842
7394
6876
1663
9949
2789
2710
1942
9739
3973
4276
3194
8185
4309
5981
5311
2807
2773
3270
6024
5163
9251
7646
8005
2599
8517
1979
2402
5556
6828
5148
2591
1915
6301
1689
4216
4543
9928
3341
6617
3373
6482
9849
9014
4002
5671
3687
2159
8099
4512
7752
2636
3152
4329
8868
9590
9747
8869
9063
2431
1810
1308
6385
3911
8824
2684
2279
2884
3620
2765
1768
2877
9431
6652
3650
8680
9400
8631
5003
6926
5830
9818
4301
2044
9074
3511
9438
7585
7431
2097
4468
5673
1865
1909
5806
3065
1097
6938
1190
2317
4392
1803