1030 
1037 
1055 
1062 
1062 
1065 
1065 
1066 
1076 
1076 
1085 
1093 
1097 
1097 
1104 
1110 
1110 
1113 
1120 
1120 
1129 
1129 
1129 
1129 
1133 
1151 
1151 
1159 
1159 
1161 
1170 
1178 
1184 
1184 
1187 
1188 
1188 
1189 
1190 
1190 
1191 
1191 
1208 
1208 
1210 
1210 
1211 
1211 
1216 
1224 
1236 
1236 
1252 
1252 
1255 
1255 
1270 
1270 
1272 
1273 
1282 
1282 
1285 
1285 
1288 
1292 
1292 
1297 
1307 
1308 
1308 
1329 
1332 
1332 
1333 
1337 
1355 
1357 
1360 
1365 
1365 
1413 
1413 
1420 
1420 
1439 
1439 
1446 
1446 
1451 
1451 
1451 
1463 
1463 
1465 
1465 
1466 
1467 
1478 
1485 
1485 
1487 
1487 
1487 
1487 
1508 
1508 
1515 
1522 
1524 
1531 
1533 
1533 
1551 
1569 
1570 
1570 
1572 
1572 
1580 
1580 
1580 
1582 
1582 
1585 
1590 
1590 
1593 
1593 
1597 
1612 
1612 
1613 
1626 
1635 
1635 
1637 
1637 
1637 
1645 
1645 
1645 
1649 
1650 
1650 
1650 
1656 
1657 
1657 
1663 
1663 
1663 
1663 
1669 
1673 
1673 
1678 
1678 
1678 
1689 
1689 
1696 
1705 
1705 
1712 
1715 
1715 
1716 
1722 
1722 
1722 
1723 
1730 
1742 
1742 
1757 
1757 
1758 
1758 
1768 
1768 
1773 
1773 
1774 
1774 
1779 
1780 
1780 
1791 
1801 
1803 
1803 
1806 
1807 
1810 
1810 
1823 
1826 
1832 
1832 
1845 
1848 
1852 
1852 
1852 
1853 
1853 
1855 
1855 
1865 
1865 
1873 
1873 
1873 
1873 
1876 
1879 
1905 
1905 
1908 
1909 
1909 
1912 
1913 
1913 
1915 
1915 
1916 
1921 
1934 
1940 
1940 
1942 
1942 
1942 
1964 
1964 
1971 
1979 
1979 
1982 
1982 
1982 
1990 
1991 
1998 
1998 
2006 
2006 
2011 
2011 
2011 
2016 
2016 
2020 
2025 
2025 
2026 
2026 
2032 
2032 
2044 
2044 
2045 
2045 
2048 
2048 
2064 
2076 
2076 
2076 
2076 
2077 
2086 
2086 
2088 
2093 
2093 
2097 
2097 
2104 
2104 
2108 
2111 
2111 
2115 
2121 
2123 
2131 
2131 
2133 
2136 
2136 
2137 
2150 
2150 
2159 
2159 
2162 
2162 
2168 
2174 
2179 
2181 
2181 
2184 
2205 
2208 
2208 
2209 
2212 
2212 
2216 
2216 
2222 
2223 
2232 
2247 
2248 
2248 
2263 
2263 
2263 
2266 
2266 
2268 
2278 
2279 
2279 
2280 
2280 
2280 
2280 
2286 
2286 
2290 
2292 
2292 
2303 
2304 
2304 
2305 
2308 
2317 
2317 
2331 
2331 
2342 
2356 
2356 
2357 
2359 
2359 
2364 
2379 
2380 
2390 
2391 
2391 
2391 
2401 
2402 
2402 
2422 
2422 
2423 
2423 
2424 
2424 
2431 
2431 
2442 
2442 
2451 
2452 
2453 
2456 
2465 
2466 
2466 
2467 
2467 
2471 
2471 
2483 
2483 
2483 
2500 
2500 
2505 
2505 
2513 
2513 
2516 
2516 
2522 
2533 
2533 
2540 
2546 
2551 
2555 
2556 
2558 
2558 
2566 
2573 
2575 
2579 
2583 
2583 
2583 
2589 
2589 
2590 
2590 
2591 
2591 
2599 
2599 
2601 
2601 
2604 
2605 
2605 
2611 
2611 
2612 
2619 
2619 
2629 
2630 
2630 
2633 
2633 
2636 
2636 
2646 
2646 
2670 
2670 
2684 
2684 
2688 
2688 
2691 
2691 
2691 
2694 
2706 
2707 
2707 
2710 
2710 
2716 
2719 
2719 
2720 
2720 
2724 
2724 
2730 
2740 
2747 
2747 
2751 
2751 
2751 
2756 
2763 
2763 
2765 
2765 
2773 
2773 
2773 
2785 
2789 
2789 
2794 
2799 
2799 
2803 
2807 
2807 
2807 
2807 
2809 
2811 
2813 
2813 
2839 
2839 
2849 
2857 
2857 
2861 
2868 
2873 
2873 
2874 
2874 
2874 
2874 
2875 
2875 
2877 
2877 
2884 
2884 
2888 
2889 
2894 
2894 
2894 
2908 
2908 
2913 
2915 
2915 
2917 
2917 
2919 
2919 
2919 
2919 
2920 
2927 
2927 
2929 
2935 
2942 
2961 
2961 
2961 
2961 
2965 
2965 
2981 
2984 
2988 
2988 
2998 
2998 
3002 
3002 
3015 
3015 
3030 
3035 
3035 
3036 
3037 
3039 
3039 
3040 
3040 
3048 
3050 
3060 
3060 
3061 
3063 
3063 
3065 
3065 
3070 
3070 
3071 
3073 
3073 
3079 
3079 
3084 
3084 
3085 
3085 
3089 
3089 
3092 
3092 
3093 
3094 
3094 
3102 
3112 
3112 
3117 
3117 
3121 
3121 
3136 
3138 
3138 
3138 
3146 
3146 
3152 
3152 
3154 
3157 
3167 
3167 
3170 
3174 
3194 
3194 
3199 
3199 
3204 
3207 
3208 
3208 
3211 
3211 
3225 
3225 
3245 
3258 
3258 
3263 
3263 
3267 
3267 
3270 
3270 
3281 
3284 
3284 
3290 
3291 
3291 
3291 
3296 
3296 
3307 
3307 
3312 
3312 
3321 
3322 
3325 
3329 
3330 
3330 
3336 
3336 
3341 
3341 
3345 
3345 
3352 
3358 
3360 
3361 
3361 
3363 
3373 
3373 
3375 
3376 
3383 
3383 
3383 
3387 
3387 
3400 
3400 
3404 
3406 
3408 
3409 
3409 
3414 
3414 
3414 
3419 
3419 
3427 
3427 
3433 
3435 
3438 
3438 
3447 
3453 
3454 
3454 
3454 
3462 
3465 
3465 
3465 
3465 
3480 
3480 
3485 
3494 
3494 
3499 
3509 
3509 
3511 
3511 
3512 
3512 
3521 
3521 
3524 
3529 
3529 
3532 
3532 
3534 
3543 
3543 
3559 
3559 
3562 
3564 
3564 
3566 
3566 
3568 
3572 
3572 
3579 
3617 
3617 
3620 
3620 
3629 
3629 
3640 
3640 
3650 
3650 
3657 
3657 
3673 
3682 
3682 
3685 
3685 
3685 
3687 
3687 
3693 
3703 
3704 
3704 
3714 
3721 
3735 
3741 
3744 
3744 
3748 
3748 
3749 
3754 
3761 
3761 
3762 
3762 
3766 
3783 
3785 
3790 
3790 
3790 
3790 
3790 
3790 
3792 
3792 
3798 
3808 
3811 
3811 
3819 
3819 
3823 
3827 
3835 
3838 
3842 
3842 
3856 
3856 
3862 
3885 
3897 
3899 
3899 
3909 
3909 
3911 
3911 
3916 
3916 
3924 
3927 
3927 
3931 
3931 
3931 
3937 
3937 
3939 
3943 
3943 
3947 
3947 
3949 
3949 
3961 
3967 
3967 
3969 
3973 
3973 
3974 
3982 
3982 
3999 
3999 
4002 
4002 
4014 
4016 
4016 
4017 
4020 
4020 
4033 
4033 
4037 
4047 
4047 
4056 
4056 
4061 
4061 
4082 
4082 
4093 
4098 
4100 
4100 
4122 
4122 
4131 
4132 
4132 
4152 
4152 
4153 
4155 
4159 
4159 
4159 
4167 
4169 
4169 
4181 
4183 
4186 
4186 
4198 
4213 
4214 
4214 
4216 
4216 
4219 
4219 
4220 
4220 
4231 
4239 
4239 
4240 
4245 
4245 
4253 
4256 
4256 
4269 
4276 
4276 
4280 
4280 
4288 
4292 
4292 
4292 
4292 
4301 
4301 
4309 
4309 
4312 
4329 
4329 
4330 
4330 
4341 
4341 
4349 
4359 
4362 
4373 
4381 
4381 
4389 
4389 
4390 
4390 
4392 
4392 
4393 
4402 
4410 
4410 
4425 
4434 
4434 
4449 
4449 
4450 
4451 
4451 
4455 
4468 
4468 
4477 
4480 
4480 
4510 
4512 
4512 
4522 
4522 
4522 
4543 
4543 
4557 
4557 
4562 
4562 
4564 
4564 
4570 
4570 
4571 
4571 
4593 
4593 
4594 
4595 
4599 
4599 
4613 
4616 
4616 
4624 
4659 
4659 
4665 
4665 
4681 
4685 
4685 
4687 
4692 
4704 
4704 
4716 
4724 
4724 
4724 
4729 
4729 
4740 
4762 
4762 
4772 
4772 
4775 
4775 
4779 
4779 
4781 
4784 
4784 
4789 
4789 
4800 
4800 
4800 
4813 
4816 
4819 
4822 
4822 
4834 
4835 
4837 
4844 
4844 
4847 
4851 
4858 
4864 
4865 
4876 
4890 
4890 
4902 
4905 
4905 
4911 
4932 
4960 
4960 
4960 
4967 
4980 
4986 
4986 
4987 
4987 
4987 
4992 
4992 
4996 
5003 
5003 
5004 
5011 
5011 
5014 
5014 
5019 
5025 
5025 
5026 
5031 
5031 
5033 
5033 
5035 
5035 
5039 
5064 
5064 
5068 
5072 
5076 
5084 
5084 
5084 
5084 
5086 
5092 
5092 
5103 
5103 
5104 
5106 
5113 
5118 
5118 
5119 
5139 
5140 
5140 
5148 
5148 
5152 
5158 
5158 
5162 
5162 
5163 
5163 
5168 
5172 
5172 
5175 
5175 
5193 
5194 
5194 
5207 
5207 
5213 
5213 
5215 
5219 
5219 
5223 
5228 
5241 
5241 
5253 
5253 
5254 
5254 
5262 
5264 
5268 
5268 
5273 
5273 
5276 
5276 
5279 
5283 
5283 
5285 
5285 
5286 
5291 
5291 
5294 
5294 
5295 
5308 
5311 
5311 
5317 
5317 
5324 
5324 
5341 
5341 
5355 
5355 
5356 
5356 
5368 
5368 
5371 
5371 
5394 
5402 
5411 
5411 
5423 
5423 
5424 
5440 
5443 
5443 
5446 
5451 
5454 
5454 
5460 
5460 
5463 
5463 
5464 
5464 
5465 
5466 
5466 
5466 
5469 
5469 
5469 
5469 
5484 
5484 
5488 
5500 
5503 
5503 
5509 
5513 
5520 
5520 
5525 
5525 
5525 
5527 
5527 
5529 
5539 
5545 
5545 
5551 
5551 
5555 
5556 
5556 
5565 
5566 
5573 
5580 
5586 
5587 
5587 
5591 
5591 
5593 
5596 
5596 
5603 
5603 
5617 
5624 
5624 
5636 
5636 
5638 
5639 
5639 
5646 
5653 
5659 
5659 
5661 
5661 
5663 
5663 
5671 
5671 
5673 
5673 
5676 
5684 
5684 
5689 
5694 
5712 
5719 
5719 
5725 
5732 
5732 
5732 
5732 
5737 
5740 
5742 
5742 
5744 
5744 
5744 
5744 
5746 
5746 
5746 
5751 
5751 
5752 
5755 
5765 
5782 
5787 
5787 
5791 
5799 
5799 
5806 
5806 
5807 
5830 
5830 
5833 
5837 
5844 
5845 
5849 
5852 
5852 
5859 
5859 
5866 
5866 
5866 
5872 
5874 
5875 
5883 
5886 
5886 
5890 
5901 
5901 
5901 
5913 
5923 
5923 
5923 
5923 
5943 
5947 
5971 
5971 
5975 
5975 
5981 
5981 
5991 
6005 
6011 
6011 
6012 
6017 
6024 
6024 
6028 
6028 
6032 
6058 
6060 
6060 
6061 
6070 
6070 
6080 
6080 
6081 
6083 
6083 
6091 
6091 
6094 
6099 
6099 
6101 
6101 
6111 
6118 
6118 
6125 
6129 
6129 
6157 
6158 
6163 
6169 
6169 
6176 
6176 
6188 
6195 
6204 
6204 
6213 
6213 
6219 
6219 
6244 
6244 
6251 
6251 
6254 
6256 
6263 
6264 
6264 
6265 
6267 
6275 
6275 
6297 
6297 
6299 
6301 
6301 
6302 
6302 
6302 
6307 
6307 
6312 
6322 
6322 
6323 
6328 
6330 
6334 
6335 
6341 
6351 
6373 
6384 
6385 
6385 
6388 
6388 
6390 
6393 
6393 
6402 
6408 
6410 
6415 
6416 
6416 
6417 
6420 
6420 
6443 
6443 
6443 
6449 
6449 
6449 
6457 
6464 
6471 
6471 
6477 
6477 
6480 
6482 
6482 
6498 
6499 
6504 
6504 
6505 
6508 
6523 
6523 
6538 
6560 
6560 
6577 
6582 
6582 
6592 
6593 
6594 
6594 
6600 
6603 
6617 
6617 
6625 
6631 
6645 
6645 
6646 
6646 
6652 
6652 
6667 
6689 
6689 
6693 
6697 
6697 
6698 
6698 
6698 
6698 
6698 
6704 
6711 
6725 
6725 
6731 
6731 
6737 
6762 
6762 
6765 
6789 
6800 
6800 
6811 
6813 
6814 
6816 
6817 
6824 
6824 
6824 
6827 
6827 
6827 
6828 
6828 
6836 
6836 
6853 
6860 
6861 
6876 
6876 
6876 
6876 
6904 
6904 
6904 
6906 
6906 
6907 
6908 
6920 
6920 
6926 
6926 
6930 
6933 
6938 
6938 
6964 
6964 
6970 
6977 
6977 
6980 
6986 
6986 
6994 
7002 
7002 
7006 
7014 
7014 
7016 
7017 
7017 
7027 
7031 
7031 
7035 
7035 
7041 
7046 
7047 
7047 
7050 
7056 
7056 
7060 
7061 
7061 
7063 
7063 
7078 
7078 
7081 
7097 
7110 
7110 
7112 
7112 
7113 
7115 
7115 
7117 
7117 
7129 
7129 
7129 
7131 
7131 
7136 
7136 
7140 
7147 
7168 
7168 
7169 
7169 
7188 
7188 
7195 
7195 
7197 
7217 
7217 
7218 
7218 
7222 
7222 
7223 
7239 
7242 
7242 
7243 
7262 
7262 
7271 
7271 
7278 
7278 
7289 
7297 
7297 
7315 
7315 
7317 
7318 
7319 
7323 
7323 
7325 
7325 
7326 
7326 
7331 
7332 
7352 
7352 
7360 
7360 
7360 
7360 
7365 
7371 
7371 
7378 
7394 
7394 
7396 
7401 
7401 
7421 
7421 
7424 
7424 
7425 
7425 
7425 
7425 
7431 
7431 
7431 
7457 
7457 
7462 
7462 
7466 
7468 
7468 
7469 
7470 
7473 
7473 
7482 
7492 
7515 
7515 
7521 
7521 
7522 
7530 
7530 
7536 
7536 
7539 
7539 
7539 
7550 
7550 
7550 
7552 
7552 
7565 
7567 
7569 
7569 
7570 
7570 
7577 
7577 
7585 
7585 
7590 
7590 
7590 
7623 
7623 
7635 
7635 
7641 
7644 
7644 
7646 
7646 
7648 
7663 
7665 
7668 
7668 
7669 
7671 
7671 
7681 
7681 
7685 
7685 
7694 
7694 
7697 
7697 
7701 
7705 
7705 
7722 
7722 
7725 
7726 
7729 
7744 
7744 
7748 
7748 
7749 
7752 
7752 
7766 
7781 
7781 
7784 
7785 
7785 
7788 
7788 
7789 
7789 
7794 
7803 
7821 
7823 
7824 
7824 
7834 
7835 
7835 
7839 
7839 
7846 
7846 
7849 
7849 
7849 
7849 
7851 
7851 
7855 
7855 
7856 
7859 
7859 
7864 
7866 
7866 
7869 
7878 
7883 
7895 
7901 
7904 
7905 
7911 
7911 
7914 
7914 
7918 
7918 
7936 
7936 
7938 
7938 
7943 
7945 
7955 
7955 
7962 
7962 
7965 
7965 
7978 
7978 
7979 
7982 
7989 
7989 
7991 
7991 
8005 
8005 
8009 
8009 
8021 
8021 
8031 
8031 
8037 
8038 
8043 
8043 
8054 
8054 
8068 
8068 
8075 
8075 
8076 
8076 
8076 
8079 
8079 
8084 
8084 
8096 
8096 
8097 
8099 
8099 
8114 
8114 
8126 
8126 
8128 
8142 
8145 
8147 
8150 
8150 
8166 
8166 
8170 
8170 
8175 
8183 
8185 
8185 
8193 
8193 
8202 
8202 
8206 
8207 
8207 
8207 
8228 
8235 
8235 
8236 
8236 
8238 
8238 
8238 
8241 
8258 
8258 
8268 
8268 
8272 
8284 
8287 
8292 
8296 
8297 
8299 
8308 
8308 
8309 
8309 
8312 
8312 
8312 
8312 
8318 
8323 
8323 
8330 
8330 
8344 
8348 
8350 
8350 
8356 
8356 
8360 
8375 
8375 
8378 
8382 
8382 
8390 
8390 
8395 
8395 
8399 
8399 
8402 
8403 
8403 
8406 
8406 
8409 
8409 
8410 
8410 
8415 
8415 
8428 
8441 
8444 
8445 
8445 
8466 
8466 
8467 
8467 
8474 
8475 
8475 
8476 
8476 
8482 
8482 
8487 
8488 
8488 
8489 
8489 
8494 
8495 
8507 
8517 
8517 
8522 
8523 
8524 
8524 
8524 
8524 
8530 
8530 
8538 
8548 
8558 
8558 
8558 
8561 
8561 
8562 
8562 
8567 
8567 
8569 
8569 
8581 
8581 
8582 
8588 
8588 
8594 
8600 
8606 
8619 
8619 
8624 
8625 
8625 
8628 
8631 
8631 
8632 
8632 
8649 
8649 
8649 
8653 
8653 
8674 
8679 
8679 
8680 
8680 
8682 
8700 
8700 
8702 
8712 
8718 
8721 
8725 
8728 
8731 
8731 
8732 
8735 
8735 
8744 
8748 
8748 
8756 
8760 
8760 
8762 
8764 
8764 
8764 
8764 
8765 
8765 
8774 
8774 
8775 
8793 
8793 
8798 
8798 
8804 
8804 
8811 
8811 
8820 
8820 
8823 
8823 
8824 
8824 
8837 
8837 
8840 
8840 
8841 
8841 
8842 
8842 
8842 
8842 
8844 
8859 
8864 
8864 
8868 
8868 
8869 
8869 
8869 
8894 
8901 
8917 
8924 
8924 
8925 
8925 
8942 
8942 
8944 
8944 
8947 
8947 
8959 
8965 
8965 
8970 
8974 
8975 
8975 
8980 
8980 
8988 
9005 
9006 
9006 
9008 
9014 
9014 
9016 
9016 
9021 
9026 
9026 
9031 
9031 
9039 
9044 
9044 
9044 
9044 
9063 
9063 
9071 
9074 
9074 
9086 
9087 
9099 
9108 
9111 
9112 
9112 
9127 
9128 
9131 
9131 
9133 
9153 
9154 
9154 
9159 
9159 
9171 
9194 
9199 
9199 
9230 
9235 
9240 
9240 
9241 
9241 
9243 
9251 
9251 
9260 
9267 
9267 
9270 
9272 
9272 
9275 
9275 
9278 
9279 
9283 
9304 
9304 
9305 
9328 
9328 
9330 
9332 
9335 
9335 
9341 
9341 
9349 
9349 
9350 
9352 
9352 
9353 
9353 
9356 
9356 
9365 
9379 
9391 
9391 
9400 
9400 
9405 
9405 
9410 
9410 
9412 
9412 
9417 
9417 
9419 
9419 
9430 
9431 
9431 
9435 
9438 
9438 
9438 
9438 
9438 
9442 
9452 
9452 
9463 
9463 
9465 
9465 
9465 
9465 
9488 
9491 
9491 
9493 
9509 
9509 
9517 
9520 
9520 
9520 
9527 
9531 
9531 
9532 
9532 
9548 
9548 
9550 
9550 
9552 
9552 
9559 
9559 
9560 
9572 
9572 
9575 
9575 
9586 
9589 
9589 
9590 
9590 
9590 
9590 
9600 
9603 
9619 
9620 
9620 
9624 
9624 
9625 
9625 
9626 
9628 
9628 
9633 
9635 
9635 
9639 
9639 
9646 
9658 
9659 
9671 
9671 
9676 
9676 
9677 
9698 
9708 
9713 
9723 
9723 
9723 
9733 
9733 
9739 
9739 
9743 
9743 
9747 
9747 
9752 
9752 
9756 
9761 
9764 
9775 
9775 
9781 
9781 
9797 
9797 
9810 
9810 
9813 
9813 
9814 
9814 
9818 
9818 
9824 
9829 
9830 
9830 
9836 
9849 
9849 
9856 
9856 
9860 
9860 
9868 
9868 
9870 
9875 
9876 
9877 
9877 
9878 
9878 
9879 
9879 
9884 
9884 
9885 
9886 
9886 
9894 
9918 
9925 
9925 
9926 
9926 
9927 
9928 
9928 
9930 
9931 
9934 
9949 
9949 
9950 
9950 
9951 
9953 
9954 
9954 
9980 
9980 
9988 
9988 
9988 
9995 
9995 
